"PCAwindowID" "start" "end" "numSNPs" "chromosome" "chr_num"
"1" 1 268 34781 100 "NC_044048.1" 1
"2" 2 52947 333814 800 "NC_044048.1" 1
"3" 3 348836 368627 100 "NC_044048.1" 1
"4" 4 373352 667505 400 "NC_044048.1" 1
"5" 5 687222 1450482 1400 "NC_044048.1" 1
"6" 6 1758784 2019435 1000 "NC_044048.1" 1
"7" 7 3979060 4001086 100 "NC_044048.1" 1
"8" 8 4054781 4085325 100 "NC_044048.1" 1
"9" 9 4501704 4539958 100 "NC_044048.1" 1
"10" 10 4576929 4587740 100 "NC_044048.1" 1
"11" 11 4739995 4770354 100 "NC_044048.1" 1
"12" 12 4919799 4940895 100 "NC_044048.1" 1
"13" 13 5006338 5046549 200 "NC_044048.1" 1
"14" 14 5179953 5213498 200 "NC_044048.1" 1
"15" 15 5665162 5699750 200 "NC_044048.1" 1
"16" 16 6332687 6355142 100 "NC_044048.1" 1
"17" 17 6562072 6601607 100 "NC_044048.1" 1
"18" 18 8183893 8209956 100 "NC_044048.1" 1
"19" 19 8268370 8275579 100 "NC_044048.1" 1
"20" 20 8769862 8794180 100 "NC_044048.1" 1
"21" 21 9989761 10069972 300 "NC_044048.1" 1
"22" 22 10208916 10287527 300 "NC_044048.1" 1
"23" 23 10387766 10429119 100 "NC_044048.1" 1
"24" 24 10631525 10652126 100 "NC_044048.1" 1
"25" 25 10707202 10728036 100 "NC_044048.1" 1
"26" 26 10746763 10777248 100 "NC_044048.1" 1
"27" 27 10880279 10898101 100 "NC_044048.1" 1
"28" 28 11064526 11146334 300 "NC_044048.1" 1
"29" 29 11228814 13299715 9900 "NC_044048.1" 1
"30" 30 13317511 28347426 83900 "NC_044048.1" 1
"31" 31 28394555 28743210 500 "NC_044048.1" 1
"32" 32 29612240 29649576 200 "NC_044048.1" 1
"33" 33 29678894 29701387 100 "NC_044048.1" 1
"34" 34 29915600 29974971 300 "NC_044048.1" 1
"35" 35 30041397 30346282 200 "NC_044048.1" 1
"36" 36 30568828 30785691 400 "NC_044048.1" 1
"37" 37 884 103331 300 "NC_044049.1" 2
"38" 38 299719 356507 200 "NC_044049.1" 2
"39" 39 436764 4503876 28200 "NC_044049.1" 2
"40" 40 4792012 4994187 300 "NC_044049.1" 2
"41" 41 7535392 7550934 100 "NC_044049.1" 2
"42" 42 7605656 7647008 100 "NC_044049.1" 2
"43" 43 7935647 7991798 200 "NC_044049.1" 2
"44" 44 8161851 8223182 100 "NC_044049.1" 2
"45" 45 8741125 8750099 100 "NC_044049.1" 2
"46" 46 8932987 8980487 200 "NC_044049.1" 2
"47" 47 9003725 9059993 200 "NC_044049.1" 2
"48" 48 9237023 9268023 100 "NC_044049.1" 2
"49" 49 10477376 10497873 100 "NC_044049.1" 2
"50" 50 12948288 12971388 100 "NC_044049.1" 2
"51" 51 13455435 13473153 100 "NC_044049.1" 2
"52" 52 14652383 14777921 300 "NC_044049.1" 2
"53" 53 16786058 16817595 100 "NC_044049.1" 2
"54" 54 17399242 17549600 200 "NC_044049.1" 2
"55" 55 17677531 17841995 300 "NC_044049.1" 2
"56" 56 17884722 18611322 1700 "NC_044049.1" 2
"57" 57 18652459 19435764 1400 "NC_044049.1" 2
"58" 58 19478995 19791595 400 "NC_044049.1" 2
"59" 59 19865714 20042866 100 "NC_044049.1" 2
"60" 60 20126345 20182023 100 "NC_044049.1" 2
"61" 61 20230748 20241517 100 "NC_044049.1" 2
"62" 62 20416513 20782277 1600 "NC_044049.1" 2
"63" 63 21169818 21200954 100 "NC_044049.1" 2
"64" 64 24265654 24284057 100 "NC_044049.1" 2
"65" 65 24423764 24445359 100 "NC_044049.1" 2
"66" 66 25685482 25720739 100 "NC_044049.1" 2
"67" 67 23365 181771 700 "NC_044050.1" 3
"68" 68 188416 239832 100 "NC_044050.1" 3
"69" 69 260739 332282 200 "NC_044050.1" 3
"70" 70 353896 1359086 2500 "NC_044050.1" 3
"71" 71 1377990 1408403 100 "NC_044050.1" 3
"72" 72 1461568 1671744 600 "NC_044050.1" 3
"73" 73 2291965 2601533 1300 "NC_044050.1" 3
"74" 74 10385609 10952696 2200 "NC_044050.1" 3
"75" 75 11014219 11050958 200 "NC_044050.1" 3
"76" 76 21925851 21947584 100 "NC_044050.1" 3
"77" 77 28079573 28107083 100 "NC_044050.1" 3
"78" 78 28192348 28213965 100 "NC_044050.1" 3
"79" 79 28236044 28255816 100 "NC_044050.1" 3
"80" 80 30426623 30864843 1700 "NC_044050.1" 3
"81" 81 4508816 4548677 200 "NC_044051.1" 4
"82" 82 8646563 8668582 100 "NC_044051.1" 4
"83" 83 9041980 9064898 100 "NC_044051.1" 4
"84" 84 9144051 9171094 100 "NC_044051.1" 4
"85" 85 9234964 9260278 100 "NC_044051.1" 4
"86" 86 10206010 10225013 100 "NC_044051.1" 4
"87" 87 10246964 10310826 300 "NC_044051.1" 4
"88" 88 10966516 10991309 100 "NC_044051.1" 4
"89" 89 11980092 12019953 100 "NC_044051.1" 4
"90" 90 13682725 13713452 100 "NC_044051.1" 4
"91" 91 20479969 20497716 100 "NC_044051.1" 4
"92" 92 21141813 21173098 100 "NC_044051.1" 4
"93" 93 21368212 21432497 200 "NC_044051.1" 4
"94" 94 22296444 23331398 1900 "NC_044051.1" 4
"95" 95 23401440 23437968 100 "NC_044051.1" 4
"96" 96 23465735 23560455 200 "NC_044051.1" 4
"97" 97 23609432 23662771 100 "NC_044051.1" 4
"98" 98 23757231 23835454 100 "NC_044051.1" 4
"99" 99 23938001 24100608 100 "NC_044051.1" 4
"100" 100 24466720 24508659 100 "NC_044051.1" 4
"101" 101 25580258 25699854 200 "NC_044051.1" 4
"102" 102 25880150 26275680 1200 "NC_044051.1" 4
"103" 103 26369159 27075560 2100 "NC_044051.1" 4
"104" 104 27081871 27162723 100 "NC_044051.1" 4
"105" 105 27187287 27219398 100 "NC_044051.1" 4
"106" 106 28880555 28905835 200 "NC_044051.1" 4
"107" 107 31170400 31207187 300 "NC_044051.1" 4
"108" 108 31236319 31413220 1300 "NC_044051.1" 4
"109" 109 36713988 36737184 100 "NC_044051.1" 4
"110" 110 37591931 37610311 100 "NC_044051.1" 4
"111" 111 38192393 38257814 300 "NC_044051.1" 4
"112" 112 5290 880256 1900 "NC_044052.1" 5
"113" 113 901431 1140343 700 "NC_044052.1" 5
"114" 114 1156850 1227006 200 "NC_044052.1" 5
"115" 115 1431956 1684950 800 "NC_044052.1" 5
"116" 116 1806175 1866245 200 "NC_044052.1" 5
"117" 117 1923382 2090026 400 "NC_044052.1" 5
"118" 118 2317049 2469624 500 "NC_044052.1" 5
"119" 119 4736002 4761592 100 "NC_044052.1" 5
"120" 120 4814904 5271090 1800 "NC_044052.1" 5
"121" 121 7771085 7799666 100 "NC_044052.1" 5
"122" 122 10012751 10082861 200 "NC_044052.1" 5
"123" 123 10814372 10852582 100 "NC_044052.1" 5
"124" 124 10930382 10952304 100 "NC_044052.1" 5
"125" 125 11936509 11959463 100 "NC_044052.1" 5
"126" 126 12570530 12620452 200 "NC_044052.1" 5
"127" 127 15989845 16091698 100 "NC_044052.1" 5
"128" 128 16733691 16758857 100 "NC_044052.1" 5
"129" 129 601711 671779 100 "NC_044053.1" 6
"130" 130 707928 734220 100 "NC_044053.1" 6
"131" 131 772622 807344 100 "NC_044053.1" 6
"132" 132 1083044 1266020 700 "NC_044053.1" 6
"133" 133 2258477 2263531 100 "NC_044053.1" 6
"134" 134 6553126 6567469 100 "NC_044053.1" 6
"135" 135 8115116 8152496 100 "NC_044053.1" 6
"136" 136 8878138 8896601 100 "NC_044053.1" 6
"137" 137 12275140 12340625 700 "NC_044053.1" 6
"138" 138 15446554 15475985 100 "NC_044053.1" 6
"139" 139 16157150 16191081 100 "NC_044053.1" 6
"140" 140 16211813 16236954 100 "NC_044053.1" 6
"141" 141 16564985 16595454 100 "NC_044053.1" 6
"142" 142 22363830 22443057 200 "NC_044053.1" 6
"143" 143 23895492 25086839 2600 "NC_044053.1" 6
"144" 144 25128258 25308126 500 "NC_044053.1" 6
"145" 145 25333530 25404131 300 "NC_044053.1" 6
"146" 146 25415600 25518614 200 "NC_044053.1" 6
"147" 147 25540845 25618047 400 "NC_044053.1" 6
"148" 148 25690346 25732636 200 "NC_044053.1" 6
"149" 149 25760071 25785807 100 "NC_044053.1" 6
"150" 150 78896 192475 100 "NC_044054.1" 7
"151" 151 928100 958726 100 "NC_044054.1" 7
"152" 152 995660 1547680 1400 "NC_044054.1" 7
"153" 153 1570814 1591338 100 "NC_044054.1" 7
"154" 154 1633867 1903024 900 "NC_044054.1" 7
"155" 155 2690914 2725568 100 "NC_044054.1" 7
"156" 156 6527599 6556642 100 "NC_044054.1" 7
"157" 157 6568265 7042139 1800 "NC_044054.1" 7
"158" 158 10905544 10928915 100 "NC_044054.1" 7
"159" 159 11981696 11997643 100 "NC_044054.1" 7
"160" 160 12076890 12096142 100 "NC_044054.1" 7
"161" 161 12182029 12245484 200 "NC_044054.1" 7
"162" 162 12352912 12370621 100 "NC_044054.1" 7
"163" 163 12413608 12463452 200 "NC_044054.1" 7
"164" 164 12630282 12764564 500 "NC_044054.1" 7
"165" 165 13829382 13839701 100 "NC_044054.1" 7
"166" 166 13854827 13866837 100 "NC_044054.1" 7
"167" 167 14462127 14484498 100 "NC_044054.1" 7
"168" 168 14749162 14826391 1100 "NC_044054.1" 7
"169" 169 16793660 26495386 64500 "NC_044054.1" 7
"170" 170 26693813 26707961 100 "NC_044054.1" 7
"171" 171 27430264 27488997 200 "NC_044054.1" 7
"172" 172 28247693 28275567 100 "NC_044054.1" 7
"173" 173 29677180 29693866 100 "NC_044054.1" 7
"174" 174 32749041 32794992 200 "NC_044054.1" 7
"175" 175 32842567 32885512 200 "NC_044054.1" 7
"176" 176 32983840 33006951 100 "NC_044054.1" 7
"177" 177 33170775 33189818 100 "NC_044054.1" 7
"178" 178 33369268 33683576 1200 "NC_044054.1" 7
"179" 179 33717363 33792216 200 "NC_044054.1" 7
"180" 180 33850323 33993763 400 "NC_044054.1" 7
"181" 181 34026581 34053764 100 "NC_044054.1" 7
"182" 182 5255170 5265098 100 "NC_044055.1" 8
"183" 183 6399255 6422475 100 "NC_044055.1" 8
"184" 184 6669596 6697629 100 "NC_044055.1" 8
"185" 185 7826893 7852671 100 "NC_044055.1" 8
"186" 186 7917917 7946674 100 "NC_044055.1" 8
"187" 187 10187855 10255532 200 "NC_044055.1" 8
"188" 188 10962736 10999406 100 "NC_044055.1" 8
"189" 189 12615310 12622554 100 "NC_044055.1" 8
"190" 190 18032696 18054143 100 "NC_044055.1" 8
"191" 191 23535900 23919249 1300 "NC_044055.1" 8
"192" 192 27213660 27792959 2300 "NC_044055.1" 8
"193" 193 27870480 27986809 500 "NC_044055.1" 8
"194" 194 27995816 28016129 100 "NC_044055.1" 8
"195" 195 28115097 28194509 100 "NC_044055.1" 8
"196" 196 28355975 29203810 2800 "NC_044055.1" 8
"197" 197 29238035 29480169 700 "NC_044055.1" 8
"198" 198 1550581 1565422 100 "NC_044056.1" 9
"199" 199 1874154 1891001 100 "NC_044056.1" 9
"200" 200 1943238 1970082 100 "NC_044056.1" 9
"201" 201 2251693 2260592 100 "NC_044056.1" 9
"202" 202 2684542 2709044 100 "NC_044056.1" 9
"203" 203 7698857 7720694 100 "NC_044056.1" 9
"204" 204 9965216 10004114 100 "NC_044056.1" 9
"205" 205 12138515 12167925 100 "NC_044056.1" 9
"206" 206 15837795 15890818 200 "NC_044056.1" 9
"207" 207 15953033 15969111 100 "NC_044056.1" 9
"208" 208 16016723 16031442 100 "NC_044056.1" 9
"209" 209 16411060 16495738 300 "NC_044056.1" 9
"210" 210 23222621 23296799 200 "NC_044056.1" 9
"211" 211 24685705 24715462 100 "NC_044056.1" 9
"212" 212 24881958 26093253 3900 "NC_044056.1" 9
"213" 213 26102521 26340625 800 "NC_044056.1" 9
"214" 214 26351922 26387709 100 "NC_044056.1" 9
"215" 215 25491 818123 2600 "NC_044057.1" 10
"216" 216 1491989 1514628 100 "NC_044057.1" 10
"217" 217 1835849 1850336 100 "NC_044057.1" 10
"218" 218 2656695 2701251 200 "NC_044057.1" 10
"219" 219 2742749 2760216 100 "NC_044057.1" 10
"220" 220 3083614 3148660 300 "NC_044057.1" 10
"221" 221 4946274 4960139 100 "NC_044057.1" 10
"222" 222 9365953 9637412 500 "NC_044057.1" 10
"223" 223 9672946 9885434 400 "NC_044057.1" 10
"224" 224 10074660 10576251 800 "NC_044057.1" 10
"225" 225 10607938 10962138 400 "NC_044057.1" 10
"226" 226 11048657 11397647 600 "NC_044057.1" 10
"227" 227 11523457 11890381 900 "NC_044057.1" 10
"228" 228 15340273 15433903 1200 "NC_044057.1" 10
"229" 229 21230912 21269342 100 "NC_044057.1" 10
"230" 230 25649736 25668520 100 "NC_044057.1" 10
"231" 231 486 1071396 2900 "NC_044058.1" 11
"232" 232 1107300 1323295 600 "NC_044058.1" 11
"233" 233 1480282 1722665 900 "NC_044058.1" 11
"234" 234 1751198 1767862 100 "NC_044058.1" 11
"235" 235 1771707 1973255 800 "NC_044058.1" 11
"236" 236 2067989 2280590 600 "NC_044058.1" 11
"237" 237 2973030 3002291 100 "NC_044058.1" 11
"238" 238 3039203 3211614 500 "NC_044058.1" 11
"239" 239 4235072 4253715 100 "NC_044058.1" 11
"240" 240 8359772 8412059 100 "NC_044058.1" 11
"241" 241 15138094 15171810 100 "NC_044058.1" 11
"242" 242 15355205 15383528 100 "NC_044058.1" 11
"243" 243 16382908 16419479 100 "NC_044058.1" 11
"244" 244 16541350 16575869 100 "NC_044058.1" 11
"245" 245 17085549 17127817 100 "NC_044058.1" 11
"246" 246 19469381 19503986 100 "NC_044058.1" 11
"247" 247 20415736 20433930 100 "NC_044058.1" 11
"248" 248 23819715 23907587 900 "NC_044058.1" 11
"249" 249 24602849 24606530 100 "NC_044058.1" 11
"250" 250 26413280 26429631 100 "NC_044058.1" 11
"251" 251 26804605 26818438 100 "NC_044058.1" 11
"252" 252 28185629 28305372 1100 "NC_044058.1" 11
"253" 253 512347 606991 400 "NC_044059.1" 12
"254" 254 631058 1643032 2600 "NC_044059.1" 12
"255" 255 1712175 2477803 3000 "NC_044059.1" 12
"256" 256 2489963 2792345 1300 "NC_044059.1" 12
"257" 257 2810521 3473051 2600 "NC_044059.1" 12
"258" 258 3487081 3966696 2100 "NC_044059.1" 12
"259" 259 3981600 5234319 6600 "NC_044059.1" 12
"260" 260 5240161 5995935 4800 "NC_044059.1" 12
"261" 261 6008343 7480980 6500 "NC_044059.1" 12
"262" 262 7516669 7531039 100 "NC_044059.1" 12
"263" 263 7548572 9222715 7200 "NC_044059.1" 12
"264" 264 9237942 10004449 3300 "NC_044059.1" 12
"265" 265 10020364 10725587 3100 "NC_044059.1" 12
"266" 266 10765440 10903583 1100 "NC_044059.1" 12
"267" 267 10920884 11004260 500 "NC_044059.1" 12
"268" 268 11161508 11320308 700 "NC_044059.1" 12
"269" 269 11336190 11432280 700 "NC_044059.1" 12
"270" 270 11452882 12307444 3800 "NC_044059.1" 12
"271" 271 12321952 13359863 4400 "NC_044059.1" 12
"272" 272 13365091 13386763 200 "NC_044059.1" 12
"273" 273 13397679 14182118 2200 "NC_044059.1" 12
"274" 274 17451480 17584031 500 "NC_044059.1" 12
"275" 275 19505518 19740312 1000 "NC_044059.1" 12
"276" 276 27711637 27726914 100 "NC_044059.1" 12
"277" 277 28075026 28093979 100 "NC_044059.1" 12
"278" 278 283383 449018 200 "NC_044060.1" 13
"279" 279 480423 821799 1100 "NC_044060.1" 13
"280" 280 836247 868600 100 "NC_044060.1" 13
"281" 281 8961699 9004788 100 "NC_044060.1" 13
"282" 282 12490625 12510313 100 "NC_044060.1" 13
"283" 283 16194263 16237319 100 "NC_044060.1" 13
"284" 284 19394289 19507694 200 "NC_044060.1" 13
"285" 285 20980115 21010017 100 "NC_044060.1" 13
"286" 286 21673565 21706370 100 "NC_044060.1" 13
"287" 287 22481964 22995622 1300 "NC_044060.1" 13
"288" 288 23016189 23228407 200 "NC_044060.1" 13
"289" 289 23238169 23376700 400 "NC_044060.1" 13
"290" 290 23406712 23975941 1300 "NC_044060.1" 13
"291" 291 24205398 24259494 200 "NC_044060.1" 13
"292" 292 24271288 24580580 1200 "NC_044060.1" 13
"293" 293 25334186 25575987 1000 "NC_044060.1" 13
"294" 294 22483 344181 1200 "NC_044061.1" 14
"295" 295 400171 542478 500 "NC_044061.1" 14
"296" 296 564799 593214 100 "NC_044061.1" 14
"297" 297 3542196 3563349 100 "NC_044061.1" 14
"298" 298 3659856 3681899 100 "NC_044061.1" 14
"299" 299 7426651 7475032 200 "NC_044061.1" 14
"300" 300 7518655 7542611 100 "NC_044061.1" 14
"301" 301 7559989 7582913 100 "NC_044061.1" 14
"302" 302 9029840 9058557 100 "NC_044061.1" 14
"303" 303 9342918 9365291 100 "NC_044061.1" 14
"304" 304 12321251 12406186 200 "NC_044061.1" 14
"305" 305 14990627 15013745 100 "NC_044061.1" 14
"306" 306 17528900 17586229 300 "NC_044061.1" 14
"307" 307 18283013 18330586 200 "NC_044061.1" 14
"308" 308 22136379 22157862 100 "NC_044061.1" 14
"309" 309 23795712 23817785 100 "NC_044061.1" 14
"310" 310 24685870 24755079 300 "NC_044061.1" 14
"311" 311 24768877 24787436 100 "NC_044061.1" 14
"312" 312 27704749 27734944 100 "NC_044061.1" 14
"313" 313 27749331 27829110 200 "NC_044061.1" 14
"314" 314 27940791 28057148 300 "NC_044061.1" 14
"315" 315 28452617 28738830 1000 "NC_044061.1" 14
"316" 316 28753097 29212160 1200 "NC_044061.1" 14
"317" 317 29232334 29503404 900 "NC_044061.1" 14
"318" 318 11695295 11718898 100 "NC_044062.1" 15
"319" 319 12222101 12268831 100 "NC_044062.1" 15
"320" 320 14574947 14619562 200 "NC_044062.1" 15
"321" 321 14652626 14668390 100 "NC_044062.1" 15
"322" 322 14692103 14727394 100 "NC_044062.1" 15
"323" 323 14796842 14813695 100 "NC_044062.1" 15
"324" 324 18648638 18664805 100 "NC_044062.1" 15
"325" 325 19052045 19073001 100 "NC_044062.1" 15
"326" 326 19187374 19211092 100 "NC_044062.1" 15
"327" 327 19269442 19291565 100 "NC_044062.1" 15
"328" 328 26116299 26143988 100 "NC_044062.1" 15
"329" 329 26187525 26538577 1100 "NC_044062.1" 15
"330" 330 26578712 26751243 400 "NC_044062.1" 15
"331" 331 26768112 27611375 2000 "NC_044062.1" 15
"332" 332 27650761 28579836 3100 "NC_044062.1" 15
"333" 333 1100816 1131119 100 "NC_044063.1" 16
"334" 334 1164756 1412760 1300 "NC_044063.1" 16
"335" 335 4607373 4622700 100 "NC_044063.1" 16
"336" 336 5899559 5922210 100 "NC_044063.1" 16
"337" 337 6205698 6256681 200 "NC_044063.1" 16
"338" 338 6790354 6811796 100 "NC_044063.1" 16
"339" 339 6852626 6873133 100 "NC_044063.1" 16
"340" 340 7361914 7380944 100 "NC_044063.1" 16
"341" 341 9650871 9897855 1000 "NC_044063.1" 16
"342" 342 11826579 12503135 3000 "NC_044063.1" 16
"343" 343 13019629 13046347 100 "NC_044063.1" 16
"344" 344 14235682 14253932 100 "NC_044063.1" 16
"345" 345 20072913 20090931 100 "NC_044063.1" 16
"346" 346 20133163 20146917 100 "NC_044063.1" 16
"347" 347 20195405 20211869 100 "NC_044063.1" 16
"348" 348 20233636 20270336 200 "NC_044063.1" 16
"349" 349 22406300 22429023 100 "NC_044063.1" 16
"350" 350 23967901 23990860 100 "NC_044063.1" 16
"351" 351 24025978 24077258 200 "NC_044063.1" 16
"352" 352 27511316 27723020 300 "NC_044063.1" 16
"353" 353 27754523 28274977 1000 "NC_044063.1" 16
"354" 354 28357929 28447101 200 "NC_044063.1" 16
"355" 355 28476750 28636221 400 "NC_044063.1" 16
"356" 356 28661469 28753244 200 "NC_044063.1" 16
"357" 357 28778379 28861077 300 "NC_044063.1" 16
"358" 358 28935431 28981371 100 "NC_044063.1" 16
"359" 359 29313126 29373019 200 "NC_044063.1" 16
"360" 360 1120087 1245262 1000 "NC_044064.1" 17
"361" 361 2653979 2685893 100 "NC_044064.1" 17
"362" 362 2766556 2800131 100 "NC_044064.1" 17
"363" 363 7289642 7313469 100 "NC_044064.1" 17
"364" 364 12102545 12132764 100 "NC_044064.1" 17
"365" 365 12751846 12864100 300 "NC_044064.1" 17
"366" 366 16401359 16463008 100 "NC_044064.1" 17
"367" 367 16932338 17077861 400 "NC_044064.1" 17
"368" 368 17089506 17975855 2500 "NC_044064.1" 17
"369" 369 17982673 18156878 600 "NC_044064.1" 17
"370" 370 18193194 18246485 100 "NC_044064.1" 17
"371" 371 19273093 19788801 1000 "NC_044064.1" 17
"372" 372 17363 282673 700 "NC_044065.1" 18
"373" 373 1679323 1764363 600 "NC_044065.1" 18
"374" 374 1823212 1842786 200 "NC_044065.1" 18
"375" 375 2227760 2241704 100 "NC_044065.1" 18
"376" 376 2252758 2286466 100 "NC_044065.1" 18
"377" 377 2522615 2555220 100 "NC_044065.1" 18
"378" 378 5092632 5107528 100 "NC_044065.1" 18
"379" 379 17592763 17617989 100 "NC_044065.1" 18
"380" 380 17976005 17997201 100 "NC_044065.1" 18
"381" 381 18794030 18816601 100 "NC_044065.1" 18
"382" 382 19070108 19490181 1700 "NC_044065.1" 18
"383" 383 19571016 19594920 100 "NC_044065.1" 18
"384" 384 21869998 22135790 700 "NC_044065.1" 18
"385" 385 22139904 22312135 700 "NC_044065.1" 18
"386" 386 22401243 22496494 200 "NC_044065.1" 18
"387" 387 22610096 22700928 300 "NC_044065.1" 18
"388" 388 22725096 22780207 200 "NC_044065.1" 18
"389" 389 23052765 23406828 800 "NC_044065.1" 18
"390" 390 23565486 23707060 200 "NC_044065.1" 18
"391" 391 23763554 24433549 1800 "NC_044065.1" 18
"392" 392 24534341 24777943 400 "NC_044065.1" 18
"393" 393 24792900 24888641 300 "NC_044065.1" 18
"394" 394 44616 1608144 4100 "NC_044066.1" 19
"395" 395 1668469 1728281 300 "NC_044066.1" 19
"396" 396 1823006 1935935 300 "NC_044066.1" 19
"397" 397 8120940 8137765 100 "NC_044066.1" 19
"398" 398 8465757 8498966 100 "NC_044066.1" 19
"399" 399 17602630 17651798 100 "NC_044066.1" 19
"400" 400 21089153 21243771 1000 "NC_044066.1" 19
"401" 401 21310617 21318880 100 "NC_044066.1" 19
"402" 402 19760 527582 1400 "NC_044067.1" 20
"403" 403 5521189 5540725 100 "NC_044067.1" 20
"404" 404 9432627 9462811 100 "NC_044067.1" 20
"405" 405 9678201 9707198 100 "NC_044067.1" 20
"406" 406 9957336 10027579 1300 "NC_044067.1" 20
"407" 407 13388186 13456519 200 "NC_044067.1" 20
"408" 408 15022658 15053468 100 "NC_044067.1" 20
"409" 409 22312699 22343332 100 "NC_044067.1" 20
"410" 410 22373369 22577813 800 "NC_044067.1" 20
"411" 411 22594992 22910693 1100 "NC_044067.1" 20
"412" 412 22978085 23033514 200 "NC_044067.1" 20
"413" 413 23315412 23826107 1400 "NC_044067.1" 20
"414" 414 23832437 24264591 1000 "NC_044067.1" 20
"415" 415 24294938 24736971 900 "NC_044067.1" 20
"416" 416 5244167 5267541 100 "NC_044068.1" 21
"417" 417 5744956 5771306 100 "NC_044068.1" 21
"418" 418 10452143 10477900 100 "NC_044068.1" 21
"419" 419 10566548 10587406 100 "NC_044068.1" 21
"420" 420 12361705 12401003 100 "NC_044068.1" 21
"421" 421 16527212 16581441 200 "NC_044068.1" 21
"422" 422 17477705 17505431 100 "NC_044068.1" 21
"423" 423 19764704 20522019 2200 "NC_044068.1" 21
"424" 424 20611835 20646136 100 "NC_044068.1" 21
"425" 425 20672578 21017711 1100 "NC_044068.1" 21
"426" 426 21046215 22338836 3900 "NC_044068.1" 21
"427" 427 784360 864892 300 "NC_044069.1" 22
"428" 428 2798835 2827828 400 "NC_044069.1" 22
"429" 429 2844809 2975020 200 "NC_044069.1" 22
"430" 430 15964263 16001056 100 "NC_044069.1" 22
"431" 431 18321421 18410751 700 "NC_044069.1" 22
"432" 432 18835865 18950392 600 "NC_044069.1" 22
"433" 433 22941295 22995138 100 "NC_044069.1" 22
"434" 434 23024170 23405837 900 "NC_044069.1" 22
"435" 435 23418056 23738927 800 "NC_044069.1" 22
"436" 436 4252 125429 200 "NC_044070.1" 23
"437" 437 150126 538526 800 "NC_044070.1" 23
"438" 438 545846 1384973 3000 "NC_044070.1" 23
"439" 439 1390682 1633280 700 "NC_044070.1" 23
"440" 440 1671589 1734228 100 "NC_044070.1" 23
"441" 441 1808983 1850793 100 "NC_044070.1" 23
"442" 442 4515955 4548453 100 "NC_044070.1" 23
"443" 443 6742518 6760088 100 "NC_044070.1" 23
"444" 444 6940762 7117505 1200 "NC_044070.1" 23
"445" 445 20822155 20840449 200 "NC_044070.1" 23
"446" 446 20887438 21082893 1200 "NC_044070.1" 23
"447" 447 22474379 22495827 100 "NC_044070.1" 23
"448" 448 23080094 23102165 100 "NC_044070.1" 23
